%YAML:1.0
---
calibration_time: "05/15/17 13:27:12"
nr_of_frames: 10
image_width: 1280
image_height: 960
board_width: 9
board_height: 6
square_size: 2.4499999359250069e-02
fix_aspect_ratio: 1.
# flags: +fix_aspectRatio
flags: 2
fisheye_model: 0
camera_matrix: !!opencv-matrix
   rows: 3
   cols: 3
   dt: d
   data: [ 2.6817266123316369e+02, 0., 6.1489171330348017e+02, 0.,
       2.6817266123316369e+02, 4.8331269661730130e+02, 0., 0., 1. ]
distortion_coefficients: !!opencv-matrix
   rows: 5
   cols: 1
   dt: d
   data: [ -6.8911863384829119e-04, -2.2696320756500593e-03,
       -1.4090845860865663e-03, -1.3456162648523683e-03,
       8.3535053643953386e-04 ]
avg_reprojection_error: 1.4367003000019452e-01
per_view_reprojection_errors: !!opencv-matrix
   rows: 10
   cols: 1
   dt: f
   data: [ 1.69356152e-01, 1.31116852e-01, 1.27645612e-01,
       1.36216283e-01, 1.18950263e-01, 1.33023322e-01, 1.50389180e-01,
       1.55976266e-01, 1.42401293e-01, 1.63160548e-01 ]
# a set of 6-tuples (rotation vector + translation vector) for each view
extrinsic_parameters: !!opencv-matrix
   rows: 10
   cols: 6
   dt: d
   data: [ 3.3378903467639033e-02, 7.3078886549517094e-02,
       -1.2015396036273423e-02, -7.0647672503533557e-02,
       -5.8985556915595531e-02, 2.5544889891522476e-01,
       3.1611005357144471e-02, 4.7130500523166301e-02,
       9.4635005046125511e-03, -8.4931970684099620e-02,
       -5.3094826749568579e-02, 2.5408439858030468e-01,
       6.0229432246763130e-02, 9.2156799885823679e-03,
       -1.5419220526831982e-02, -1.1461033302524831e-01,
       -6.9655084618120158e-02, 2.4244664956840417e-01,
       6.2509129954283080e-02, -8.9129527359532570e-02,
       -6.2965352337146868e-02, -1.4768793291393914e-01,
       -6.5511114817993113e-02, 2.2390459931035361e-01,
       6.9493812902380311e-02, -2.0764701029306554e-01,
       -6.7262556306248278e-02, -1.8288856214644503e-01,
       -6.3863444104895181e-02, 1.9776263718673665e-01,
       7.0404504879521976e-02, -2.8418794025790001e-01,
       -6.9630421981038804e-02, -2.0295572231247780e-01,
       -6.2932197963359651e-02, 1.7866157594115664e-01,
       6.1055224683711939e-02, -3.6099045671179347e-01,
       -6.0838939975965053e-02, -2.2073146817074055e-01,
       -6.0989722550707705e-02, 1.5821319386421592e-01,
       3.9408074619952035e-02, -3.9515995145646426e-01,
       -4.1754346797218601e-02, -2.2651300353463308e-01,
       -5.6270049122212638e-02, 1.4473657214747654e-01,
       2.8028476828913428e-02, -2.5183159539228372e-01,
       -1.3758292319580204e-02, -1.9616046340714177e-01,
       -5.9207813220384438e-02, 1.7116308757575638e-01,
       3.4397169652023574e-04, 1.2552154156960812e-01,
       7.8735070755678715e-03, -1.0171374608017682e-01,
       -5.4442031212635827e-02, 2.1141656959591534e-01 ]
