%YAML:1.0
---
calibration_time: "05/15/17 13:24:37"
nr_of_frames: 120
image_width: 1280
image_height: 960
board_width: 9
board_height: 6
square_size: 2.4499999359250069e-02
fix_aspect_ratio: 1.
# flags: +fix_skew +recompute_extrinsic
flags: 10
fisheye_model: 1
camera_matrix: !!opencv-matrix
   rows: 3
   cols: 3
   dt: d
   data: [ 5.7796298586418175e+02, 0., 6.3046377698225001e+02, 0.,
       5.7682525465509298e+02, 4.8035678166584535e+02, 0., 0., 1. ]
distortion_coefficients: !!opencv-matrix
   rows: 4
   cols: 1
   dt: d
   data: [ -1.2010366614669910e-02, -2.8004875583999504e-02,
       4.0529921402493327e-02, -2.3001774284528365e-02 ]
avg_reprojection_error: 3.3234796802155068e+02
per_view_reprojection_errors: !!opencv-matrix
   rows: 20
   cols: 1
   dt: f
   data: [ 1.59309947e+00, 1.57468259e+00, 1.55883265e+00,
       1.63390625e+00, 7.01503983e+01, 6.89310913e+01, 9.05799561e+01,
       1.10253151e+02, 2.27384613e+02, 9.20028610e+01, 3.78327057e+02,
       5.00063721e+02, 5.18647888e+02, 5.22400818e+02, 5.29896790e+02,
       4.86696747e+02, 4.78838074e+02, 4.26204346e+02, 3.70719666e+02,
       3.43169281e+02 ]
# a set of 6-tuples (rotation vector + translation vector) for each view
extrinsic_parameters: !!opencv-matrix
   rows: 120
   cols: 6
   dt: d
   data: [ -4.8960094597757298e-01, -8.0981522541213810e-02,
       1.0231510525434141e-01, -1.2477899838923995e-01,
       -6.6985351184815547e-03, 3.0915861653467280e-01,
       -4.9210343237440762e-01, -7.6146567566631879e-02,
       9.7612495465602814e-02, -1.2227288624683619e-01,
       -5.0522917232966357e-03, 3.1044940032139934e-01,
       -4.8239745781517718e-01, -6.9531207438615017e-02,
       9.3433655865632070e-02, -1.2154981385086819e-01,
       -9.0966648848603195e-03, 3.0978222848840586e-01,
       -4.9092546109414398e-01, -7.1109889180182337e-02,
       8.4007838571440396e-02, -1.3278238227614320e-01,
       -1.1340044773927532e-02, 3.0722214443546053e-01,
       -4.3032368385518521e-01, 1.5022072817022216e-02,
       3.0748278185861986e-02, -1.2963962297062340e-01,
       -4.9672343568083220e-02, 2.9937651100420093e-01,
       -4.8697454494985476e-01, 8.6615849351565286e-02,
       6.8844228357041279e-02, -1.0903004087013402e-01,
       -5.9847483772668610e-02, 2.9831309389152649e-01,
       -6.9688998016174630e-01, 9.4960150844204547e-02,
       5.6980422265375918e-02, -9.8896759655790770e-02,
       -2.2010272781311291e-02, 2.8551587651451166e-01,
       -7.6717899565653880e-01, 1.0384241939599811e-01,
       1.7665580118408075e-02, -9.9299756510049950e-02,
       -1.7257403513680290e-02, 2.7134055649096928e-01,
       -8.6552614785973048e-01, 8.1821924221112896e-02,
       -6.2237439832497563e-03, -1.0471675989667414e-01,
       8.5402945414905403e-03, 2.6351241177579865e-01,
       -8.7335023031977232e-01, 9.4662562992575569e-02,
       -3.8934190264014643e-03, -9.9692249478813597e-02,
       1.3334329571613143e-02, 2.6537589416094104e-01,
       -8.8157460915002495e-01, 2.1035691277630786e-01,
       4.2468614774193482e-02, -5.9724169114050277e-02,
       2.0034553420611983e-02, 2.7932729233300724e-01,
       -9.0128044905378335e-01, 3.3906765430974900e-01,
       9.0417463441448714e-02, -1.5951317213319351e-02,
       2.6890811222110147e-02, 2.8683339260531232e-01,
       -8.3882846604963823e-01, 3.6833974554611143e-01,
       1.1561820912782442e-01, 1.2522620059927784e-03,
       1.7416492465719163e-02, 2.8500060711367742e-01,
       -6.4033102439904488e-01, 4.0915675714717797e-01,
       1.3077909678258620e-01, 1.9044398376524704e-02,
       -1.5913384641041597e-02, 2.8854731893444741e-01,
       -3.7934194029973284e-01, 4.2995155950985992e-01,
       1.5127516636251864e-01, 2.3122269097725603e-02,
       -5.5228508715991845e-02, 2.7390274320237185e-01,
       -1.9984485712657157e-01, 4.7785906709818043e-01,
       1.4693441612751459e-01, 2.8779336155340850e-02,
       -7.7654512536350515e-02, 2.6078487965645281e-01,
       2.7521595379852342e-03, 5.5660237393807921e-01,
       1.5811057572486575e-01, 4.5000902414984695e-02,
       -1.0602437833131642e-01, 2.4239566551693831e-01,
       1.2017980606742749e-01, 5.0906666115721455e-01,
       1.6637728346626104e-01, 2.6167352317766908e-02,
       -1.2399449691169960e-01, 2.3653250803995823e-01,
       2.8794420408658877e-01, 4.1104543505499286e-01,
       1.8364321681547094e-01, 3.0439065338798712e-03,
       -1.3067315623713147e-01, 2.2699172770887358e-01,
       5.2439463923763341e-01, 3.3608570259230530e-01,
       1.7862547998517248e-01, -1.3969702812709898e-02,
       -1.4623916236734158e-01, 2.1273072253377784e-01,
       6.8360956834319342e-01, 3.0145922659825863e-01,
       1.4499196213759236e-01, -2.8321029067038813e-02,
       -1.4886373047646487e-01, 2.0232529401352836e-01,
       7.1618691251987410e-01, 2.5698208782106580e-01,
       1.2039191737387572e-01, -4.7520681505300782e-02,
       -1.4266457439215727e-01, 2.0188066969441770e-01,
       8.0918574016639488e-01, 2.0687600744408235e-01,
       3.9008318378317662e-02, -7.6896903791688523e-02,
       -1.3812259847261427e-01, 1.9486683712059860e-01,
       8.4725436352030370e-01, 1.3258802096494982e-01,
       -2.8429409308578995e-02, -1.0886144339843597e-01,
       -1.3191714691376097e-01, 1.9004776862829748e-01,
       8.4507984887932919e-01, 2.7692407387986274e-02,
       -7.3281927377299508e-02, -1.4159587263133502e-01,
       -1.2083338465908001e-01, 1.8220963572449120e-01,
       8.7323824683702278e-01, -1.0416568126249001e-01,
       -7.6265071441622007e-02, -1.7370459492360205e-01,
       -1.1585823290416851e-01, 1.5788776892500050e-01,
       8.1850858245964819e-01, -1.9488138052156892e-01,
       -7.9547994924758864e-02, -1.9482935102340310e-01,
       -9.4816151600586221e-02, 1.4945323932784946e-01,
       6.6723975182289597e-01, -2.7286601354048523e-01,
       -7.5544790261643111e-02, -2.0956423842819280e-01,
       -6.0630501269471032e-02, 1.4986895264217925e-01,
       5.2222149888140779e-01, -2.4283556234468634e-01,
       -3.3524434007246001e-02, -2.0109162338338876e-01,
       -3.6755504608897059e-02, 1.6266756461530471e-01,
       4.0094267873515044e-01, -2.0670817910886524e-01,
       -7.0189197867269433e-03, -1.9235419126725148e-01,
       -1.7180865166554465e-02, 1.7281382266893044e-01,
       2.1455346541770587e-01, -1.1479497594332429e-01,
       3.2283192821363892e-03, -1.7172773648393982e-01,
       7.7110646702977794e-04, 1.7759775881662779e-01,
       1.2270167712434644e-01, -3.7510252007778071e-02,
       1.9295558899010624e-02, -1.4223301549791972e-01,
       -3.4767807439912014e-02, 1.7184144634691947e-01,
       5.4585410665595017e-02, 4.0134939974092081e-03,
       6.1974279156273631e-03, -1.2727132766312321e-01,
       -5.4182569113178577e-02, 1.7112559105309585e-01,
       4.8771621717477252e-02, -9.4316127025112495e-03,
       -4.2003518004526700e-03, -1.3627683391675594e-01,
       -6.7309098372782331e-02, 1.7310153467107145e-01,
       7.0351499517028682e-02, -1.4914370834112239e-02,
       1.6439949273463568e-03, -1.3941429967801292e-01,
       -8.5729569199392452e-02, 1.7199573802746193e-01,
       7.4190694883796884e-02, -7.1283087907400691e-02,
       -1.9927378800573319e-02, -1.6137806852623493e-01,
       -9.1346659107003236e-02, 1.6553750467910461e-01,
       1.3612550560065617e-01, -1.7546444475092102e-01,
       -3.1758701137933547e-02, -1.8851275603257703e-01,
       -1.0582461808502057e-01, 1.4019250612297263e-01,
       2.1119575599055967e-01, -1.9540135418651663e-01,
       -3.3229366329570985e-02, -1.9225762057926468e-01,
       -1.2332897204439371e-01, 1.2660514876939252e-01,
       1.9354685292969784e-01, -1.8820029240300815e-01,
       -3.2731843884143325e-02, -1.9067962370694674e-01,
       -1.2052622518276014e-01, 1.3142081339814840e-01,
       1.0881074542105985e-01, -1.6539795568560331e-01,
       -3.7129780793315297e-02, -1.8574927917692172e-01,
