%YAML:1.0
---
calibration_time: "Di 26 Jun 2018 14:53:27 CEST"
nr_of_frames: 120
image_width: 1280
image_height: 960
board_width: 10
board_height: 7
square_size: 4.2500000447034836e-02
fix_aspect_ratio: 1.
# flags: +fix_skew +recompute_extrinsic
flags: 10
fisheye_model: 1
camera_matrix: !!opencv-matrix
   rows: 3
   cols: 3
   dt: d
   data: [ 5.8555022733602686e+02, 0., 6.3878620179397080e+02, 0.,
       5.8323566627431114e+02, 4.9737307296299701e+02, 0., 0., 1. ]
distortion_coefficients: !!opencv-matrix
   rows: 4
   cols: 1
   dt: d
   data: [ 9.3715169826954076e-03, -8.3342600925963489e-02,
       9.5931862580943342e-02, -4.2563971863174940e-02 ]
avg_reprojection_error: 3.3113014013926562e+02
per_view_reprojection_errors: !!opencv-matrix
   rows: 20
   cols: 1
   dt: f
   data: [ 5.07819672e+02, 4.99308350e+02, 4.50372101e+02,
       4.22313049e+02, 4.09670441e+02, 3.68612915e+02, 3.28964142e+02,
       2.59881927e+02, 2.16150482e+02, 1.67212357e+02, 2.04654465e+02,
       2.59764648e+02, 2.81458923e+02, 2.51269241e+02, 2.19903091e+02,
       2.76536804e+02, 3.30370697e+02, 3.46871643e+02, 2.05950089e+02,
       3.19376648e+02 ]
# a set of 6-tuples (rotation vector + translation vector) for each view
extrinsic_parameters: !!opencv-matrix
   rows: 120
   cols: 6
   dt: d
   data: [ 2.3234689239311018e-01, -8.3793253773787280e-01,
       -3.0640075601798069e-02, -4.7327063227260086e-01,
       -1.9305533963121405e-01, 3.6042609103833514e-02,
       2.1285529799803740e-01, -8.3809297851302111e-01,
       -4.6909057129700574e-02, -4.5871481575712386e-01,
       -1.9347578856701556e-01, 4.8293590344812724e-02,
       1.1671299201969620e-01, -7.7184644810201686e-01,
       -8.1023411340632789e-02, -4.1622439286665947e-01,
       -2.1042862830464634e-01, 9.4845930558183536e-02,
       1.2113494915482384e-01, -7.2393341305708581e-01,
       -6.9389461859092810e-02, -3.8773483732762221e-01,
       -2.1828578109282151e-01, 1.0298609151665092e-01,
       1.3051911009468731e-01, -6.7949686428914668e-01,
       -7.5034703633922034e-02, -3.7883205298089262e-01,
       -2.1920821444467523e-01, 8.9175581313022237e-02,
       7.3484187513556232e-02, -6.1623291429065419e-01,
       -8.2215321943322761e-02, -3.4852361982562341e-01,
       -1.7056522683877354e-01, 7.6987125178148666e-02,
       5.3432251228127309e-02, -6.5336167533572498e-01,
       -8.4372833947093911e-02, -3.3881258096165867e-01,
       -1.6186676948255793e-01, 7.9018806033287398e-02,
       6.0825282833530114e-02, -6.4638680851666652e-01,
       -8.6428773466595166e-02, -3.3026438151751863e-01,
       -1.7580582388219787e-01, 8.9170294448840628e-02,
       6.3668350484018935e-02, -6.1664401347287345e-01,
       -7.1119318567390108e-02, -3.3037835715037339e-01,
       -1.7652975187535966e-01, 1.1257305414187206e-01,
       7.5672828527621194e-02, -4.3191026952884748e-01,
       -4.3904542682041359e-02, -3.2538387414406683e-01,
       -1.9851097120128491e-01, 1.7878937305562043e-01,
       1.2654742862405849e-01, -1.5402648022631454e-01,
       1.4602375570946475e-02, -2.8645904147509960e-01,
       -2.3964101339463550e-01, 2.4466599245742407e-01,
       1.7259609592231201e-01, -3.2164426967923709e-02,
       4.4169498942985955e-02, -2.7380425566654204e-01,
       -2.5812652693498228e-01, 2.5063011586777145e-01,
       2.7586260767156023e-01, -4.4017106008304628e-02,
       5.4303779925851886e-04, -2.9640532390267971e-01,
       -2.4083817979688082e-01, 1.9428288751958256e-01,
       3.0370630291027484e-01, -4.4826095494013236e-02,
       -2.6694990720535057e-02, -3.2417267073085509e-01,
       -2.0169493521550291e-01, 1.7078679612939057e-01,
       2.2296137236006508e-01, -9.7506856729268940e-02,
       -1.4420735498430306e-02, -3.4054097859557014e-01,
       -1.6863867808434246e-01, 1.6960232216801099e-01,
       1.4079584908979467e-01, 1.2131847464837424e-01,
       1.0363658713960637e-02, -3.0433695185674492e-01,
       -2.0815998146605458e-01, 2.3252907239602175e-01,
       1.3520232689057299e-01, 3.5123315615197687e-01,
       1.3463407614628913e-03, -2.4636448910096073e-01,
       -2.2085699473212211e-01, 2.6710543373632106e-01,
       1.3444817111931104e-01, 4.7577413450132444e-01,
       1.5810201305272175e-02, -1.8962091424801419e-01,
       -2.2122483858465808e-01, 2.7237869141913756e-01,
       1.6269982398326835e-01, 2.1802385221464432e-01,
       -1.6075784438517447e-02, -2.3724824226113819e-01,
       -2.0259606907684691e-01, 2.3993226483298602e-01,
       1.3018183518953041e-01, -8.0817951510867334e-02,
       -5.5391813041790944e-02, -3.0260589312746533e-01,
       -1.9024296616164735e-01, 2.0331662247145119e-01,
       1.1218247143440445e-01, -2.2560492876021709e-01,
       -7.1302346930250837e-02, -3.2706946727705649e-01,
       -1.8033800893963053e-01, 1.8918190740612570e-01,
       -6.8068591644925930e-02, -2.3714960458579565e-01,
       -8.5387058352294251e-02, -3.4309217089023442e-01,
       -1.7220330810969206e-01, 2.1924651279809923e-01,
       1.2220750723528724e-02, -2.8357454960701012e-01,
       -7.5559756048641721e-02, -3.8205140563271484e-01,
       -1.8234202436534794e-01, 2.0985957667083777e-01,
       5.9672083519438326e-02, -3.4217044176040023e-01,
       -8.7420127520421775e-02, -4.1252807562933780e-01,
       -2.0071381327727755e-01, 1.7817012829134479e-01,
       1.1329076008427863e-01, -4.1112427895361880e-01,
       -1.0093004986345153e-01, -4.3411449377320233e-01,
       -2.1567419613432132e-01, 1.4242975119344212e-01,
       1.3306700075137959e-01, -4.7961055284721477e-01,
       -1.3363355279978950e-01, -4.5627643178801786e-01,
       -2.2590605335979702e-01, 1.1413163593298617e-01,
       1.5753995433336782e-01, -7.5001879116401005e-01,
       -1.1484572940118513e-01, -4.7019678735413761e-01,
       -2.0512488459356426e-01, 4.0530633119765271e-02,
       1.2239045902218480e-01, -7.6564871391375555e-01,
       -1.1767932337117260e-01, -4.6163675808179638e-01,
       -1.9311967579941730e-01, 3.4305482866713290e-02,
       1.3077066692750675e-01, -7.8864872181086665e-01,
       -8.9313569350999697e-02, -4.1588945383077758e-01,
       -2.0757368215844668e-01, 3.2869430851421175e-02,
       -2.7078518552344077e+05, -1.5908681918700221e+06,
       2.6755499968652218e+06, -9.1391301456504862e+03,
       -1.4718728380557326e+04, 7.2196910566302940e+03,
       5.5793215951605532e+06, -3.8374481007426423e+06,
       -1.2925307818250418e+07, -2.9307047870922862e+06,
       -1.3066523264574588e+06, 3.0395055510742692e+06,
       1.4553327958103249e-01, -1.0299711874893356e+00,
       -1.6784203803017925e-01, -3.9186935548477719e-01,
       -2.7659673418309672e-01, 1.2034866603134844e-02,
       1.6124293523946132e-01, -7.7616403170264525e-01,
       -1.0531991108990414e-01, -3.6339638376496503e-01,
       -2.9211172916690675e-01, 7.4932852794876950e-02,
       1.6417141665352325e-01, -3.7133516333505778e-01,
       -5.4007260819241322e-02, -3.0974240975729195e-01,
       -2.7748930660195431e-01, 1.2853231166778067e-01,
       2.0758555290933567e-01, -8.9213689791032016e-02,
       -4.6127618552257131e-02, -2.5851526556992271e-01,
       -2.6260876588753251e-01, 1.6798063103051375e-01,
       2.2062075613493656e-01, 5.8435472140432793e-02,
       -4.2320948399331183e-02, -2.1967087625556897e-01,
       -2.6189970090400921e-01, 1.9164555345420012e-01,
       2.0804475553286955e-01, 1.6309725903609576e-01,
       -5.1889935765420628e-02, -2.1840735465614922e-01,
       -2.6691224735951236e-01, 2.0523269188581714e-01,
       2.0312219753387009e-01, 4.1245141778532368e-01,
       -2.0875719758554345e-02, -1.4303620994188634e-01,
       -2.7580039479769880e-01, 2.3892971863944279e-01,
       1.5274760397001730e-01, 7.5369504749955041e-01,
       -1.2153400653998451e-02, -5.1041552961221093e-02,
       -2.5188273914315928e-01, 2.9376002676937324e-01,
       1.5758568581945681e-01, 7.8645911647714428e-01,
       -2.5974521811769128e-02, -4.5925321981437534e-02,
